12 12 12 12 12 12 12 12 12 12 12 12 12 12 12 12 12 12 12 12 12 12 12 12 12 12 12 12 12 12 12 12 12 12 12 12 12 12 12 12 12 12 12 12 12 12 12 12 12 12
12 12 12 12 12 12 12 12 12 12 12 12 12 12 13 12 12 12 12 12 12 12 12 12 12 12 12 12 12 12 12 12 12 12 12 12 12 12 12 12 12 12 12 12 12 12 12 12 12 12
12 12 12 12 12 12 12 13 12 12 12 12 12 12 12 12 12 12 12 12 12 12 12 12 12 13 12 12 12 12 12 12 12 13 12 12 12 12 12 12 12 12 12 12 12 12 12 12 12 12
12 12 12 12 13 12 12 12 12 12 12 13 12 12 12 12 12 12 13 12 12 12 12 12 12 12 12 13 12 12 12 12 12 12 12 12 12 12 12 12 12 13 12 12 12 12 12 12 12 12
12 12 12 12 12 12 12 12 12 13 12 12 12 12 12 13 12 12 12 12 12 12 12 13 12 12 12 12 12 12 12 13 12 12 13 12 12 12 13 12 12 12 12 12 12 12 12 12 12 12
12 12 12 12 12 12 12 12 12 12 12 12 12 12 12 12 12 12 12 12 12 13 12 12 12 12 12 12 12 13 12 12 12 12 12 12 13 12 12 12 12 12 12 13 12 12 12 12 12 12
12 12 12 12 12 13 22 20 20 20 20 20 20 20 23 12 12 12 22 20 20 20 20 20 20 20 20 23 12 12 12 22 20 20 20 20 20 20 20 20 20 20 23 12 12 12 12 12 12 12
12 12 12 12 12 12 18 41 40 40 40 40 40 41 19 20 20 20 21 41 10 10 11 10 10 10 10 19 20 20 20 21 41 10 35 33 33 33 33 33 33 36 17 12 12 13 12 12 12 12
12 12 13 12 12 12 18 41 40 39 39 39 40 41 41 41 41 41 41 41 10 14 15 15 15 16 10 41 41 41 41 41 41 41 31 26 26 26 26 26 26 30 17 12 12 12 12 12 12 12
12 12 12 12 12 12 18 41 40 39 39 39 40 41 41 41 41 41 41 41 10 17 12 12 12 18 10 41 41 41 41 41 41 41 31 26 26 26 26 26 26 30 17 12 12 12 12 12 12 12
12 12 12 13 12 12 18 41 40 39 39 39 40 41 41 41 41 41 41 41 10 17 12 12 12 18 11 41 41 41 41 41 41 41 31 26 26 26 26 26 26 30 17 12 13 12 12 12 12 12
12 12 12 12 13 12 18 41 40 39 39 39 40 41 41 41 41 41 41 41 10 19 20 20 20 21 10 41 41 41 41 41 41 41 31 26 26 26 26 26 26 30 17 12 12 12 12 12 12 12
12 12 12 12 12 12 18 41 40 40 39 40 40 41 41 41 41 41 41 41 11 10 35 33 36 10 10 41 41 41 41 41 41 41 37 28 28 29 26 27 28 38 17 13 12 12 12 12 12 12
12 12 12 12 12 12 18 41 41 41 10 41 41 41 41 10 41 41 41 41 41 41 31 26 30 41 41 41 41 41 41 41 41 41 41 41 41 31 26 30 14 15 25 12 12 12 12 12 12 12
12 12 12 12 13 12 18 41 41 41 10 41 41 41 41 41 41 41 41 41 41 41 31 26 30 41 41 41 41 41 41 41 41 41 41 41 41 31 26 30 17 12 12 12 12 13 12 12 12 12
12 12 12 12 12 12 24 15 16 41 10 41 41 41 41 41 41 41 41 41 41 41 31 26 30 41 41 41 41 41 41 41 41 41 41 41 41 31 26 30 17 12 12 12 12 12 12 12 12 12
12 12 12 12 12 12 12 12 18 41 10 41 41 41 41 41 41 41 41 10 10 10 31 26 30 10 10 10 41 41 41 41 41 41 41 41 41 31 26 30 17 12 12 12 12 12 13 12 12 12
12 12 13 12 12 12 12 22 21 41 10 41 41 41 41 41 41 41 41 41 41 41 31 26 30 41 41 41 41 41 41 41 41 41 41 35 33 34 26 30 17 12 12 13 12 12 12 12 12 12
12 12 12 12 12 12 12 18 10 10 10 41 41 41 41 41 41 41 41 41 41 41 31 26 30 41 41 41 41 41 41 41 41 41 41 31 26 26 26 30 17 12 12 12 12 12 12 12 12 12
12 12 12 13 12 12 12 18 10 41 41 41 41 41 41 41 41 41 41 41 41 10 31 26 30 10 41 41 41 41 41 41 41 41 41 31 26 27 28 38 17 12 13 12 12 12 12 12 12 12
12 12 12 12 12 12 12 18 10 41 41 41 10 35 33 33 33 33 33 33 33 33 34 26 32 33 33 33 33 33 33 33 33 33 33 34 26 30 10 41 17 12 12 12 12 12 12 12 12 12
12 12 12 12 12 13 12 18 10 41 41 41 11 31 26 26 26 26 26 26 26 26 26 26 26 26 26 26 26 26 26 26 26 26 26 26 26 30 10 14 25 12 12 12 12 12 12 12 12 12
12 12 12 12 12 12 13 18 10 10 41 41 10 37 28 28 28 28 28 28 28 28 29 26 27 28 28 28 28 28 28 28 28 28 28 29 26 30 10 17 12 13 12 12 12 12 12 12 12 12
12 12 12 12 12 12 12 24 16 10 41 41 10 41 41 41 41 41 41 41 41 10 31 26 30 10 41 41 41 41 41 41 41 41 41 31 26 30 10 17 12 12 12 12 13 12 12 12 12 12
12 12 12 12 12 12 12 12 18 10 41 41 10 41 41 41 41 41 41 41 41 41 31 26 30 41 41 41 41 41 41 41 41 41 41 31 26 30 11 17 12 12 12 12 12 12 12 12 12 12
12 12 12 12 12 13 12 22 21 10 41 41 10 10 10 41 41 41 41 41 41 41 31 26 30 41 41 41 41 41 41 41 41 41 41 31 26 30 10 17 12 12 12 13 12 12 12 12 12 12
12 12 12 12 12 12 12 18 10 10 41 41 41 41 10 41 41 41 41 41 41 41 31 26 30 41 41 41 41 41 41 41 41 41 41 31 26 30 10 17 12 12 12 12 12 12 12 12 12 12
12 12 12 13 12 12 12 18 10 41 41 41 41 41 10 41 41 41 41 41 41 41 31 26 30 41 41 10 41 41 41 41 41 41 41 31 26 30 10 17 12 13 12 12 12 12 12 12 12 12
12 12 12 12 12 12 12 18 10 41 41 41 41 41 10 41 41 41 41 41 41 41 31 26 30 41 41 41 41 41 10 41 41 41 41 31 26 30 10 17 12 12 12 12 12 12 12 12 12 12
12 12 12 12 12 12 13 18 10 10 10 10 10 10 10 41 41 10 41 41 41 41 31 26 30 41 41 41 41 41 10 41 41 41 41 37 28 38 10 17 12 12 12 12 13 12 12 12 12 12
12 12 12 12 12 12 12 18 10 10 11 10 10 10 10 41 41 10 41 41 41 41 31 26 30 41 41 41 41 41 41 41 41 41 41 41 10 41 14 25 12 12 13 12 12 12 12 12 12 12
12 12 12 12 12 12 12 24 16 10 10 10 10 10 10 41 41 41 41 41 41 41 31 26 30 41 41 41 41 41 41 41 41 41 41 10 10 10 17 12 12 12 12 12 12 12 12 12 12 12
12 12 12 12 12 13 12 12 18 10 10 10 10 11 10 41 41 41 41 41 41 41 31 26 30 41 41 41 41 41 41 41 41 41 41 10 10 10 17 12 12 12 12 12 12 12 13 12 12 12
12 12 12 12 12 12 12 12 18 11 10 10 10 10 10 41 41 41 41 41 41 41 31 26 30 41 41 41 41 41 41 41 41 41 41 10 10 11 17 12 12 13 12 12 12 12 12 12 12 12
12 12 12 12 12 12 12 12 18 10 10 10 10 10 10 41 41 41 41 41 41 41 31 26 30 41 41 41 41 41 41 41 41 41 41 10 10 10 17 12 12 12 12 12 12 12 12 12 12 12
12 12 12 12 13 12 12 22 21 41 41 41 41 41 41 41 41 41 41 41 41 41 37 28 38 41 41 41 41 41 41 41 41 41 41 11 10 10 19 23 12 12 12 12 12 12 12 12 12 12
12 12 12 12 12 12 12 18 41 41 41 41 41 41 41 41 41 41 41 10 10 10 10 10 10 10 10 41 41 41 41 41 41 41 10 10 10 10 10 19 23 12 12 12 13 12 12 12 12 12
12 12 12 12 12 12 13 18 41 41 10 41 41 41 41 41 41 41 10 10 10 10 10 10 10 10 10 10 41 41 10 41 41 10 10 10 10 10 10 10 17 12 12 12 12 12 12 12 12 12
12 12 12 12 12 12 12 18 10 41 10 41 41 41 41 41 41 41 10 11 10 10 10 10 10 11 10 10 41 41 41 41 10 10 10 10 10 11 10 10 17 12 13 12 12 12 12 12 12 12
12 12 12 12 12 12 12 18 10 41 41 41 41 10 41 41 41 41 10 10 11 10 10 10 10 10 10 10 10 41 41 41 10 10 10 10 10 41 10 10 17 12 12 12 12 12 12 12 12 12
12 12 13 12 12 12 12 18 10 41 41 41 41 41 41 41 41 41 10 10 10 10 10 10 10 10 10 10 10 10 10 10 10 10 41 10 10 10 10 10 17 12 12 12 12 13 12 12 12 12
12 12 12 12 12 12 12 18 10 10 41 41 41 10 41 14 15 15 16 10 10 10 10 10 10 10 10 14 15 15 16 10 10 10 10 10 10 10 11 10 17 12 12 12 12 12 12 13 12 12
12 12 12 12 12 12 12 18 41 41 41 41 41 41 14 25 12 12 24 16 10 10 10 10 10 10 14 25 12 12 18 10 10 41 10 10 41 10 10 10 17 12 12 12 12 12 12 12 12 12
12 12 12 12 13 12 12 24 15 15 15 15 15 15 25 12 12 12 12 24 15 42 15 15 15 42 25 12 13 12 24 16 10 11 10 10 10 10 14 15 25 12 13 12 12 12 12 12 12 12
12 12 12 12 12 12 12 12 12 12 12 12 12 12 12 12 12 12 13 12 12 44 12 12 12 44 12 12 12 12 12 24 15 15 15 15 15 15 25 12 12 12 12 12 12 12 13 12 12 12
12 12 12 12 12 12 12 12 12 12 12 13 12 12 12 12 13 12 12 12 12 44 12 12 12 44 12 12 12 12 12 12 12 12 12 12 13 12 12 12 12 12 12 13 12 12 12 12 12 12
12 12 12 12 12 12 13 12 12 12 12 12 12 12 12 12 12 12 12 12 12 44 12 12 12 44 12 12 12 13 12 12 12 12 12 12 12 12 12 12 12 12 12 12 12 12 12 12 12 12
12 12 12 12 12 12 12 12 12 12 12 12 12 12 13 12 12 12 12 12 13 44 12 12 12 44 12 12 12 12 12 12 13 12 12 12 12 12 12 13 12 12 12 12 12 12 12 12 12 12
12 12 12 12 12 12 12 12 12 12 12 12 12 12 12 12 12 12 12 12 12 44 12 12 12 44 12 13 12 12 12 12 12 12 12 12 12 12 12 12 12 12 12 12 12 13 12 12 12 12
12 12 12 12 12 12 12 12 12 12 12 12 12 12 12 12 12 12 12 12 12 44 12 12 12 44 12 12 12 12 12 12 12 12 12 12 12 12 12 12 12 12 12 12 12 12 12 12 12 12
12 12 12 12 13 12 12 12 12 12 12 12 13 12 12 12 12 12 13 12 12 44 12 12 12 44 12 12 13 12 13 12 12 12 12 12 13 12 12 12 12 12 13 12 12 12 12 12 12 12
78 79 78 78 78 78 78 78 78 78 78 78 78 78 78 78 78 78 78 78 78 92 78 78 78 92 79 78 78 78 78 78 78 78 78 78 79 78 78 78 78 78 78 78 78 78 78 78 78 78
78 78 78 78 78 78 78 78 78 79 78 78 78 78 78 78 78 79 78 78 78 92 78 78 78 92 78 78 78 78 78 78 78 78 78 78 78 78 78 78 78 78 79 78 78 78 78 78 78 78
78 78 78 78 78 78 78 78 78 78 78 78 78 78 78 78 78 78 78 78 78 92 78 78 78 92 78 78 78 78 78 79 78 78 78 78 78 78 78 78 78 78 78 78 78 78 78 79 78 78
78 79 78 78 78 78 78 78 78 78 78 78 78 79 78 78 78 78 78 78 78 92 79 78 78 92 78 78 78 78 78 78 78 78 78 78 78 78 78 78 78 78 78 78 78 78 78 78 78 78
78 78 78 78 78 79 78 78 78 78 78 78 78 78 78 78 78 78 78 78 78 92 78 78 78 92 78 78 78 78 78 78 78 79 78 78 78 78 78 78 78 78 78 78 78 78 78 78 78 78
78 78 78 78 78 78 78 78 78 78 78 78 78 78 78 78 78 79 78 78 78 92 78 78 78 92 79 78 78 78 78 78 78 78 78 78 78 79 78 78 78 78 78 78 78 78 78 78 78 78
78 78 78 78 78 78 88 84 84 84 84 84 84 84 89 78 78 78 88 84 84 43 84 84 84 43 84 89 78 78 78 88 84 84 84 84 84 84 84 84 84 84 89 78 78 78 78 78 78 78
78 78 78 78 78 78 87 76 77 77 77 77 77 76 83 84 84 84 85 76 59 59 60 59 59 59 59 83 84 84 84 85 76 76 66 65 65 65 65 65 65 67 86 78 78 79 78 78 78 78
78 79 78 78 78 79 87 76 77 39 39 39 77 76 76 76 76 76 76 76 58 59 59 59 59 45 59 76 76 76 76 76 76 76 62 61 61 61 61 61 61 63 86 78 78 78 78 79 78 78
78 78 78 78 78 78 87 76 77 39 39 39 77 76 76 76 76 76 76 76 59 58 59 59 59 59 59 59 59 59 59 59 60 59 62 61 61 61 61 61 61 63 86 78 78 78 78 78 78 78
78 78 78 78 78 78 87 76 77 39 39 39 77 76 76 76 76 76 76 76 59 59 59 59 59 59 60 59 59 59 59 59 76 76 62 61 61 61 61 61 61 63 86 78 78 78 78 78 78 78
78 78 78 78 79 78 87 76 77 39 39 39 77 76 76 76 76 76 76 76 59 59 59 59 59 59 59 76 76 76 76 76 76 76 62 61 61 61 61 61 61 63 86 78 78 78 79 78 78 78
78 78 78 78 78 78 87 76 77 77 39 77 77 76 76 76 76 76 76 76 59 45 66 65 67 59 59 76 76 76 76 76 76 76 68 64 64 71 61 70 64 69 86 78 78 78 78 78 78 78
79 78 78 78 78 78 87 76 76 76 59 76 76 76 76 76 76 76 76 76 76 76 62 61 63 76 76 76 76 76 76 76 76 76 76 76 76 62 61 63 80 81 91 78 78 78 78 78 78 78
78 78 78 78 78 78 87 76 76 76 59 76 76 76 76 76 76 76 76 76 76 76 62 61 63 76 76 76 76 76 76 76 76 76 76 76 76 62 61 63 86 78 78 79 78 78 78 78 78 78
78 78 78 78 78 78 90 81 82 76 59 76 76 76 76 76 76 76 76 76 76 76 62 61 63 76 76 76 76 76 76 76 76 76 76 76 76 62 61 63 86 78 78 78 78 78 78 78 79 78
78 78 78 78 78 79 78 78 87 76 59 76 76 76 76 76 76 76 76 76 76 76 62 61 63 76 76 76 76 76 76 76 76 76 76 76 76 62 61 63 86 78 78 78 78 78 78 78 78 78
78 78 78 78 78 78 78 88 85 76 59 76 76 76 76 76 76 76 76 76 76 76 62 61 63 76 76 76 76 76 76 76 76 76 76 66 65 73 61 63 86 78 78 78 78 78 78 78 78 78
78 78 79 78 78 78 78 87 59 59 59 76 76 76 76 76 76 76 76 76 76 76 62 61 63 76 76 76 76 76 76 76 76 76 76 62 61 61 61 63 86 78 79 78 78 78 78 78 78 78
78 78 78 78 78 78 78 87 59 76 76 76 76 76 76 76 76 76 76 76 59 59 68 64 69 59 59 76 76 76 76 76 76 76 76 62 61 70 64 69 86 78 78 78 78 78 78 78 78 78
78 78 78 78 78 78 78 87 59 74 74 74 59 66 65 65 65 65 65 65 67 80 81 81 81 82 66 65 65 65 65 65 65 65 65 73 61 63 59 74 86 78 78 78 78 78 78 78 78 78
78 78 78 78 78 79 78 87 59 74 74 74 60 62 61 61 61 61 61 61 63 86 78 9 78 87 62 61 61 61 61 61 61 61 61 61 61 63 59 80 91 78 78 78 78 78 78 79 78 78
78 79 78 78 78 78 78 87 59 59 74 74 59 68 64 64 64 64 64 64 69 86 9 78 78 87 68 64 64 64 64 64 64 64 64 71 61 63 59 86 78 78 78 78 78 78 78 78 78 78
78 78 78 78 78 78 78 90 82 59 74 74 59 74 74 74 74 74 74 74 60 83 84 84 84 85 59 74 74 74 74 74 74 74 74 62 61 63 59 86 78 78 78 79 78 78 78 78 78 78
78 78 78 78 78 78 78 78 87 59 74 74 59 74 74 74 74 74 74 74 59 59 66 65 67 59 59 74 74 74 74 74 74 74 74 62 61 63 60 86 78 78 78 78 78 78 78 78 78 78
78 78 78 78 78 78 78 88 85 59 74 74 59 59 59 74 74 74 74 74 74 74 62 61 63 74 74 74 74 74 74 74 74 74 74 62 61 63 59 86 78 78 78 78 78 78 78 78 78 78
78 78 79 78 78 78 78 87 59 59 74 74 74 74 59 74 74 74 74 74 74 74 62 61 63 74 74 74 74 74 74 74 74 74 74 62 61 63 59 86 78 78 78 78 78 78 79 78 78 78
78 78 78 78 78 78 78 87 59 74 74 74 74 74 59 74 74 74 74 74 74 74 62 61 63 74 74 74 74 74 74 74 74 74 74 62 61 63 59 86 78 78 79 78 78 78 78 78 78 78
78 78 78 78 78 78 78 87 59 74 74 74 74 74 59 74 74 74 74 74 74 74 62 61 63 74 74 74 74 74 74 74 74 74 74 62 61 63 59 86 78 78 78 78 78 78 78 78 78 78
79 78 78 78 78 78 78 87 59 59 59 59 59 59 59 74 74 74 74 74 74 74 62 61 63 74 74 74 58 58 58 59 60 74 74 68 64 69 59 86 78 78 78 78 78 78 78 79 78 78
78 78 78 78 79 78 78 87 59 59 60 59 59 59 59 74 74 74 74 74 74 74 62 61 63 60 59 60 59 59 60 59 59 58 58 74 59 74 80 91 78 78 78 78 78 78 78 78 78 78
78 78 78 78 78 78 78 90 82 59 59 59 75 59 59 74 74 74 74 74 74 74 62 61 63 59 60 59 60 59 59 75 59 59 58 59 59 59 86 78 78 78 78 78 78 78 78 78 78 78
78 78 78 78 78 78 78 78 87 59 59 59 59 59 59 74 74 74 74 74 74 74 62 61 63 74 74 74 58 58 59 58 59 74 74 59 59 59 86 78 78 78 78 78 78 78 78 78 78 78
78 79 78 78 78 78 78 78 87 59 60 59 59 59 59 74 74 74 74 74 74 74 62 61 63 74 74 74 74 74 74 74 74 74 74 59 59 60 86 78 78 78 79 78 78 78 78 78 78 78
78 78 78 78 78 78 78 78 87 59 59 59 59 59 59 59 74 74 74 74 74 74 62 61 63 74 74 74 74 74 74 74 74 74 74 59 59 59 86 78 78 78 78 78 78 78 78 78 78 78
78 78 78 78 78 78 78 88 85 74 74 74 74 74 59 59 59 60 74 74 74 74 68 64 69 74 74 74 74 74 74 74 74 74 74 60 59 59 83 89 78 78 78 78 78 78 78 78 78 78
78 78 78 78 78 79 78 87 74 74 74 74 74 74 74 59 59 59 59 59 59 59 59 59 59 59 59 59 59 59 59 59 59 59 59 59 59 59 59 83 89 78 78 78 78 78 78 78 78 78
78 78 78 78 78 78 78 87 74 74 74 74 74 74 74 74 59 59 59 59 59 59 60 59 58 59 59 59 59 59 60 59 59 59 59 59 59 59 59 59 86 78 78 78 78 78 78 78 78 78
79 78 78 78 78 78 78 87 59 74 74 74 74 74 74 74 74 74 59 60 59 59 59 59 59 60 59 59 74 74 74 74 59 59 59 59 59 59 59 59 86 78 78 78 78 78 78 78 78 78
78 78 78 78 78 78 78 87 59 74 74 74 74 74 74 74 74 74 59 59 60 59 59 59 59 59 59 59 59 74 74 74 59 59 60 59 59 45 59 59 86 78 78 78 78 78 79 78 78 78
78 78 78 79 78 78 78 87 59 74 74 74 74 74 74 74 74 74 59 59 59 45 59 59 59 59 59 59 59 59 59 59 59 59 45 59 59 59 59 59 86 79 78 78 78 78 78 78 78 78
78 78 78 78 78 78 78 87 59 74 74 74 74 59 46 93 94 94 95 59 59 59 59 60 59 45 59 93 94 94 95 59 59 59 59 59 59 59 60 59 86 78 78 78 78 78 78 78 78 78
78 78 78 78 78 78 78 87 74 74 74 74 74 74 93 97 55 55 96 95 59 59 59 59 59 59 93 97 55 55 3 75 59 45 59 59 45 59 75 75 86 78 78 78 78 78 78 78 78 78
78 78 79 78 78 78 78 1 94 94 94 94 94 94 97 55 55 55 55 96 94 94 94 94 94 94 97 55 55 55 96 95 75 75 75 75 75 75 93 94 2 78 78 78 78 78 78 78 78 78
78 78 78 78 78 78 4 6 6 6 6 6 6 6 5 55 55 55 55 4 6 6 6 6 6 5 55 55 55 55 55 96 94 94 94 94 94 94 97 55 78 78 78 78 78 78 79 78 78 78
78 78 78 79 78 78 50 46 46 60 60 46 46 75 51 55 55 55 4 46 60 46 46 46 58 51 55 55 55 4 6 6 6 6 6 6 6 6 6 5 78 78 78 78 78 78 78 78 78 78
6 6 6 5 78 78 47 48 48 48 48 48 48 48 49 55 55 55 47 48 48 48 48 48 48 49 55 55 55 50 58 46 46 60 46 46 46 46 60 51 78 79 78 78 78 78 78 78 78 78
46 46 75 51 78 78 56 55 55 55 55 55 55 55 57 55 55 55 56 55 55 55 55 55 55 57 55 55 55 50 46 46 46 75 46 46 46 46 46 51 78 78 4 6 6 6 6 6 6 6
46 46 46 51 78 78 56 55 55 55 55 55 55 55 57 55 55 55 56 55 55 55 55 55 55 57 55 55 55 50 46 60 46 46 46 46 75 46 46 51 78 78 50 46 46 46 75 46 46 46